while(<DATA>) {
	$_ = int($_);
	print "wget -O toc-contents/$_ http://toc.nkp.cz/obalkyknih/$_/contents/\n";
	print "wget -O toc-covers/$_ http://toc.nkp.cz/obalkyknih/$_/covers/\n";
}
__DATA__
200608
200609
200610
200611
200612
200701
200702
200703
200704
200705
200706
200707
200708
200709
200710
200711
200712
200801
200802
200803
200804
200805
200806
200807
200808
200809
200810
200811
200812
200901
200902
200903
200904
200905
200906
200907
200908
200909
200910
200911
200912
201001
201002
201003
201004
201005
201006
201007
201008
201009
201010
201011
201012
201101
201102
201103
201104
201105
